# columns = TERM LEMMA POS PROB
# identifier = verne1870a-39
# creator = Verne, Jules
# created = 1870
# isPartOf = Vingt mille lieues sous les mers
# title = XV. Accident ou incident ?

↵↵↵	↵↵↵	PUNCTstruct
XV	XV	NUM
.	.	PUNCTsent
Accident	accident	NOUN
ou	ou	CCONJ
incident	incident	NOUN
?	?	PUNCTsent
↵↵	↵↵	PUNCTstruct
Le	le	DET
lendemain	lendemain	NOUN
,	,	PUNCTclause
22	22	NUM
mars	mars	NOUN
,	,	PUNCTclause
à	à	ADP
six	six	NUM
heures	heure	NOUN
du	du	ADP_DET
matin	matin	NOUN
,	,	PUNCTclause
les	le	DET
préparatifs	préparatif	NOUN
de	de	DET
départ	départ	NOUN
furent	être	AUX
commencés	commencer	VERB
.	.	PUNCTsent
Les	le	DET
dernières	dernier	ADJ
lueurs	lueur	NOUN
du	du	ADP_DET
crépuscule	crépuscule	NOUN
se	se	PRON
fondaient	fonder	VERB
dans	dans	ADP
la	le	DET
nuit	nuit	NOUN
.	.	PUNCTsent
Le	le	DET
froid	froid	NOUN
était	être	AUX
vif	vif	ADJ
.	.	PUNCTsent
Les	le	DET
constellations	constellation	NOUN
resplendissaient	resplendir	VERB
avec	avec	ADP
une	un	DET
surprenante	surprenant	ADJ
intensité	intensité	NOUN
.	.	PUNCTsent
Au	au	ADP_DET
zénith	zénith	NOUN
brillait	briller	VERB
cette	ce	DET
admirable	admirable	ADJ
Croix	croix	NOUN
du	du	ADP_DET
Sud	sud	NOUN
,	,	PUNCTclause
l'	le	DET
étoile	étoile	NOUN
polaire	polaire	NOUN
des	un	ADP_DET
régions	région	NOUN
antarctiques	antarctique	ADJ
.	.	PUNCTsent
↵↵	↵↵	PUNCTstruct
Le	le	DET
thermomètre	thermomètre	NOUN
marquait	marquer	VERB
douze	douze	NUM
degrés	degré	NOUN
au-dessous de	au-dessous de	ADP
zéro	zéro	NOUN
,	,	PUNCTclause
et	et	CCONJ
quand	quand	SCONJ
le	le	DET
vent	vent	NOUN
fraîchissait	fraîchir	VERB
,	,	PUNCTclause
il	il	PRON
causait	causer	VERB
de	de	DET
piquantes	piquant	NOUN
morsures	morsure	ADJ
.	.	PUNCTsent
Les	le	DET
glaçons	glacer	VERB
se	se	PRON
multipliaient	multiplier	VERB
sur	sur	ADP
l'	le	DET
eau	eau	NOUN
libre	libre	ADJ
.	.	PUNCTsent
La	le	DET
mer	mer	NOUN
tendait	tendre	VERB
à	à	ADP
se	se	PRON
prendre	prendre	VERB
partout	partout	ADV
.	.	PUNCTsent
De	de	DET
nombreuses	nombreux	ADJ
plaques	plaquer	VERB
noirâtres	noirâtre	ADJ
,	,	PUNCTclause
étalées	étaler	VERB
à	à	ADP
sa	son	DET
surface	surface	NOUN
,	,	PUNCTclause
annonçaient	annoncer	VERB
la	le	DET
prochaine	prochain	NOUN
formation	formation	NOUN
de	de	DET
la	le	AUX
jeune	jeune	ADJ
glace	glace	NOUN
.	.	PUNCTsent
Évidemment	évidemment	ADV
,	,	PUNCTclause
le	le	DET
bassin	bassin	NOUN
austral	austral	ADJ
,	,	PUNCTclause
gelé	geler	VERB
pendant	pendant	ADP
les	le	DET
six	six	NUM
mois	mois	NOUN
de	de	DET
l'	le	NOUN
hiver	hiver	NOUN
,	,	PUNCTclause
était	être	AUX
absolument	absolument	ADV
inaccessible	inaccessible	ADJ
.	.	PUNCTsent
Que	que	SCONJ
devenaient	devenir	VERB
les	le	DET
baleines	baleine	NOUN
pendant	pendant	ADP
cette	ce	DET
période	période	NOUN
?	?	PUNCTsent
sans doute	sans doute	ADV
,	,	PUNCTclause
elles	elles	PRON
allaient	aller	VERB
par-dessous	par-dessous	NOUN
la	le	DET
banquise	banquise	NOUN
chercher	chercher	VERB
des	un	DET
mers	mer	NOUN
plus	plus	ADV
praticables	praticable	ADJ
.	.	PUNCTsent
Pour	pour	ADP
les	le	DET
phoques	phoque	NOUN
et	et	CCONJ
les	le	DET
morses	morse	NOUN
,	,	PUNCTclause
habitués	habituer	VERB
à	à	ADP
vivre	vivre	VERB
sous	sous	ADP
les	le	DET
plus	plus	ADV
durs	dur	ADJ
climats	climat	NOUN
,	,	PUNCTclause
ils	ils	PRON
restaient	rester	VERB
sur	sur	ADP
ces	ce	DET
parages	parage	NOUN
glacés	glacé	ADJ
.	.	PUNCTsent
Ces	ce	DET
animaux	animal	NOUN
ont	avoir	AUX
l'	le	DET
instinct	instinct	NOUN
de	de	DET
creuser	creuser	NOUN
des	un	ADP_DET
trous	trou	NOUN
dans	dans	ADP
les	le	DET
ice-fields	ice-field	NOUN
et	et	CCONJ
de	de	DET
les	le:PRON	PRON
maintenir	maintenir	VERB
toujours	toujours	ADV
ouverts	ouvert	NOUN
.	.	PUNCTsent
ce	ce	PRON
est	être	AUX
à	à	ADP
ces	ce	DET
trous	trou	NOUN
que	que	SCONJ
ils	ils	PRON
viennent	venir	VERB
respirer	respirer	VERB
;	;	PUNCTclause
quand	quand	SCONJ
les	le	DET
oiseaux	oiseau	NOUN
,	,	PUNCTclause
chassés	chasser	VERB
par	par	ADP
le	le	DET
froid	froid	NOUN
,	,	PUNCTclause
ont	avoir	AUX
émigré	émigrer	VERB
vers	vers	ADP
le	le	DET
nord	nord	NOUN
,	,	PUNCTclause
ces	ce	DET
mammifères	mammifère	NOUN
marins	marin	ADJ
demeurent	demeurer	VERB
les	le	DET
seuls	seul	ADJ
maîtres	maître	NOUN
du	du	ADP_DET
continent	continent	NOUN
polaire	polaire	NOUN
.	.	PUNCTsent
↵↵	↵↵	PUNCTstruct
Cependant	cependant	ADV
,	,	PUNCTclause
les	le	DET
réservoirs	réservoir	NOUN
de	de	DET
eau	eau	NOUN
se	se	PRON
étaient	être	AUX
remplis	remplir	VERB
,	,	PUNCTclause
et	et	CCONJ
le	le	DET
Nautilus	Nautilus	PROPN
descendait	descendre	VERB
lentement	lentement	ADV
.	.	PUNCTsent
À	à	ADP
une	un	DET
profondeur	profondeur	NOUN
de	de	DET
mille	mille	NUM
pieds	pied	NOUN
,	,	PUNCTclause
il	il	PRON
se	se	PRON
arrêta	arrêter	VERB
.	.	PUNCTsent
Son	son	DET
hélice	hélice	NOUN
battit	battre	VERB
les	le	DET
flots	flot	NOUN
,	,	PUNCTclause
et	et	CCONJ
il	il	PRON
se	se	PRON
avança	avancer	VERB
droit	droit	NOUN
au	au	ADP_DET
nord	nord	NOUN
avec	avec	ADP
une	un	DET
vitesse	vitesse	NOUN
de	de	DET
quinze	quinze	NUM
milles	mille	NOUN
à	à	ADP
l'	le	DET
heure	heure	NOUN
.	.	PUNCTsent
Vers	vers	ADP
le	le	DET
soir	soir	NOUN
,	,	PUNCTclause
il	il	PRON
flottait	flotter	VERB
déjà	déjà	ADV
sous	sous	ADP
l'	le	DET
immense	immense	ADJ
carapace	carapace	NOUN
glacée	glacé	ADJ
de	de	DET
la	le	AUX
banquise	banquise	NOUN
.	.	PUNCTsent
↵↵	↵↵	PUNCTstruct
Les	le	DET
panneaux	panneau	NOUN
du	du	ADP_DET
salon	salon	NOUN
avaient	avoir	AUX
été	être	AUX
fermés	fermer	VERB
par	par	ADP
prudence	prudence	NOUN
,	,	PUNCTclause
car	car	CCONJ
la	le	DET
coque	coque	NOUN
du	du	ADP_DET
Nautilus	Nautilus	PROPN
pouvait	pouvoir	VERB
se	se	PRON
heurter	heurter	VERB
à	à	ADP
quelque	quelque	DET
bloc	bloc	NOUN
immergé	immergé	ADJ
.	.	PUNCTsent
Aussi	aussi	ADV
,	,	PUNCTclause
je	je	PRON
passai	passer	VERB
cette	ce	DET
journée	journée	NOUN
à	à	ADP
mettre	mettre	VERB
mes	mon	DET
notes	note	NOUN
au	au	ADP_DET
net	net	NOUN
.	.	PUNCTsent
Mon	mon	DET
esprit	esprit	NOUN
était	être	AUX
tout	tout	ADJ
entier	entier	ADJ
à	à	ADP
ses	son	DET
souvenirs	souvenir	NOUN
du	du	ADP_DET
pôle	pôle	NOUN
.	.	PUNCTsent
Nous	nous	PRON
avions	avoir	AUX
atteint	atteindre	VERB
ce	ce	DET
point	point	NOUN
inaccessible	inaccessible	ADJ
sans	sans	ADP
fatigues	fatigue	NOUN
,	,	PUNCTclause
sans	sans	ADP
danger	danger	NOUN
,	,	PUNCTclause
comme	comme	CCONJ
si	si	SCONJ
notre	notre	DET
wagon	wagon	NOUN
flottant	flotter	VERB
eût	avoir	ADV
glissé	glisser	VERB
sur	sur	ADP
les	le	DET
rails	rail	NOUN
de	de	DET
un	un	NUM
chemin de fer	chemin de fer	NOUN
.	.	PUNCTsent
Et	et	CCONJ
maintenant	maintenant	ADV
,	,	PUNCTclause
le	le	DET
retour	retour	NOUN
commençait	commencer	VERB
véritablement	véritablement	ADV
.	.	PUNCTsent
Me	me	PRON
réserverait	réserver	VERB
il	il	PRON
encore	encore	ADV
de	de	DET
pareilles	pareil	NOUN
surprises	surpris	ADJ
?	?	PUNCTsent
Je	je	PRON
le	le	DET
pensais	penser	NOUN
,	,	PUNCTclause
tant	tant	ADV
la	le	DET
série	série	NOUN
des	un	ADP_DET
merveilles	merveille	NOUN
sous-marines	sous-marines	PUNCT
est	être	AUX
inépuisable	inépuisable	ADJ
!	!	PUNCTsent
Cependant	cependant	ADV
,	,	PUNCTclause
depuis	depuis	ADP
cinq	cinq	NUM
mois	mois	NOUN
et	et	CCONJ
demi	demi	ADJ
que	que	SCONJ
le	le	DET
hasard	hasard	NOUN
nous	nous	PRON
avait	avoir	AUX
jetés	jeter	VERB
à	à	ADP
ce	ce	DET
bord	bord	NOUN
,	,	PUNCTclause
nous	nous	PRON
avions	avoir	AUX
franchi	franchir	VERB
quatorze	quatorze	NUM
mille	mille	NUM
lieues	lieue	NOUN
,	,	PUNCTclause
et	et	CCONJ
sur	sur	ADP
ce	ce	DET
parcours	parcours	NOUN
plus	plus	ADV
étendu	étendre	VERB
que	que	SCONJ
l'	le	DET
Équateur	Équateur	PROPN
terrestre	terrestre	ADJ
,	,	PUNCTclause
combien	combien	ADV
de	de	DET
incidents	incident	NOUN
ou	ou	CCONJ
curieux	curieux	NOUN
ou	ou	CCONJ
terribles	terrible	NOUN
avaient	avoir	AUX
charmé	charmer	VERB
notre	notre	DET
voyage	voyage	NOUN
:	:	PUNCTclause
la	le	DET
chasse	chasse	NOUN
dans	dans	ADP
les	le	DET
forêts	forêt	NOUN
de	de	DET
Crespo	Crespo	PROPN
,	,	PUNCTclause
l'	le	DET
échouement	échouement	NOUN
du	du	ADP_DET
détroit	détroit	NOUN
de	de	DET
Torrès	Torrès	PROPN
,	,	PUNCTclause
le	le	DET
cimetière	cimetière	NOUN
de	de	DET
corail	corail	NOUN
,	,	PUNCTclause
les	le	DET
pêcheries	pêcherie	NOUN
de	de	DET
Ceylan	Ceylan	PROPN
,	,	PUNCTclause
le	le	DET
tunnel	tunnel	NOUN
arabique	arabique	ADJ
,	,	PUNCTclause
les	le	DET
feux	feu	NOUN
de	de	DET
Santorin	Santorin	PROPN
,	,	PUNCTclause
les	le	DET
millions	million	NOUN
de	de	DET
la	le	AUX
baie	bayer	VERB
du	du	ADP_DET
Vigo	Vigo	PROPN
,	,	PUNCTclause
l'	le	DET
Atlantide	Atlantide	PROPN
,	,	PUNCTclause
le	le	DET
pôle	pôle	NOUN
sud	sud	NOUN
!	!	PUNCTsent
Pendant	pendant	ADP
la	le	DET
nuit	nuit	NOUN
,	,	PUNCTclause
tous	tout	ADJ
ces	ce	DET
souvenirs	souvenir	NOUN
,	,	PUNCTclause
passant	passer	VERB
de	de	DET
rêve	rêve	NOUN
en	en	ADP
rêve	rêve	NOUN
,	,	PUNCTclause
ne	ne	ADV
laissèrent	laisser	VERB
pas	pas	ADV
mon	mon	DET
cerveau	cerveau	NOUN
sommeiller	sommeiller	VERB
un	un	DET
instant	instant	NOUN
.	.	PUNCTsent
↵↵	↵↵	PUNCTstruct
À	à	ADP
trois	trois	NUM
heures	heure	NOUN
du	du	ADP_DET
matin	matin	NOUN
,	,	PUNCTclause
je	je	PRON
fus	être	VERB
réveillé	réveiller	VERB
par	par	ADP
un	un	DET
choc	choc	NOUN
violent	violent	ADJ
.	.	PUNCTsent
Je	je	PRON
me	me	PRON
étais	être	AUX
redressé	redresser	VERB
sur	sur	ADP
mon	mon	DET
lit	lit	NOUN
et	et	CCONJ
je	je	PRON
écoutais	écouter	VERB
au milieu de	au milieu de	ADP
l'	le	DET
obscurité	obscurité	NOUN
,	,	PUNCTclause
quand	quand	SCONJ
je	je	PRON
fus	être	VERB
précipité	précipiter	VERB
brusquement	brusquement	ADV
au milieu de	au milieu de	ADP
la	le	DET
chambre	chambre	NOUN
.	.	PUNCTsent
Évidemment	évidemment	ADV
,	,	PUNCTclause
le	le	DET
Nautilus	Nautilus	PROPN
donnait	donner	VERB
une	un	DET
bande	bande	NOUN
considérable	considérable	ADJ
après	après	ADP
avoir	avoir	AUX
touché	toucher	VERB
.	.	PUNCTsent
↵↵	↵↵	PUNCTstruct
Je	je	PRON
me	me	PRON
accotai	accoter	VERB
aux	au	ADP_DET
parois	paroi	NOUN
et	et	CCONJ
je	je	PRON
me	me	PRON
traînai	traîner	VERB
par	par	ADP
les	le	DET
coursives	coursive	NOUN
jusque	jusque	ADP
au	au	ADP_DET
salon	salon	NOUN
que	que	SCONJ
éclairait	éclairer	VERB
le	le	DET
plafond	plafond	NOUN
lumineux	lumineux	ADJ
.	.	PUNCTsent
Les	le	DET
meubles	meuble	NOUN
étaient	être	AUX
renversés	renverser	VERB
.	.	PUNCTsent
Heureusement	heureusement	ADV
,	,	PUNCTclause
les	le	DET
vitrines	vitrine	NOUN
,	,	PUNCTclause
solidement	solidement	ADV
saisies	saisir	VERB
par	par	ADP
le	le	DET
pied	pied	NOUN
,	,	PUNCTclause
avaient	avoir	AUX
tenu	tenir	VERB
bon	bon	ADJ
.	.	PUNCTsent
Les	le	DET
tableaux	tableau	NOUN
de	de	DET
tribord	tribord	NOUN
,	,	PUNCTclause
sous	sous	ADP
le	le	DET
déplacement	déplacement	NOUN
de	de	DET
la	le	SCONJ
verticale	vertical	ADJ
se	se	PRON
collaient	coller	VERB
aux	au	ADP_DET
tapisseries	tapisserie	NOUN
,	,	PUNCTclause
tandis que	tandis que	SCONJ
ceux	ceux	PRON
de	de	DET
bâbord	bâbord	NOUN
se	se	PRON
en	en	ADP
écartaient	écarter	VERB
de	de	DET
un	un	PRON
pied	pied	NOUN
par	par	ADP
leur	leur	DET
bordure	bordure	NOUN
inférieure	inférieur	ADJ
.	.	PUNCTsent
Le	le	DET
Nautilus	Nautilus	PROPN
était	être	AUX
donc	donc	ADV
couché	coucher	VERB
sur	sur	ADP
tribord	tribord	NOUN
,	,	PUNCTclause
et	et	CCONJ
,	,	PUNCTclause
de plus	de plus	ADV
,	,	PUNCTclause
complètement	complètement	NOUN
immobile	immobile	ADJ
.	.	PUNCTsent
↵↵	↵↵	PUNCTstruct
À	à	ADP
l'	le	DET
intérieur	intérieur	NOUN
je	je	PRON
entendais	entendre	VERB
un	un	DET
bruit	bruit	NOUN
de	de	DET
pas	pas	ADV
,	,	PUNCTclause
des	un	DET
voix	voix	NOUN
confuses	confus	ADJ
.	.	PUNCTsent
Mais	mais	CCONJ
le	le	DET
capitaine	capitaine	NOUN
Nemo	Nemo	PROPN
ne	ne	ADV
parut	paraître	VERB
pas	pas	ADV
.	.	PUNCTsent
au moment où	au moment où	ADP
je	je	PRON
allais	aller	VERB
quitter	quitter	VERB
le	le	DET
salon	salon	NOUN
,	,	PUNCTclause
Ned	Ned	PROPN
Land	Land	PROPN
et	et	CCONJ
Conseil	conseil	NOUN
entrèrent	entrer	VERB
.	.	PUNCTsent
↵↵	↵↵	PUNCTstruct
«	«	PUNCTclause
que	que	SCONJ
y	y	PRON
a	avoir	VERB
il	il	PRON
?	?	PUNCTsent
leur	leur	DET
dis	dire	NOUN
je	je	PRON
aussitôt	aussitôt	ADV
.	.	PUNCTsent
↵↵	↵↵	PUNCTstruct
—	—	PUNCTclause
Je	je	PRON
venais	venir	VERB
le	le:PRON	PRON
demander	demander	VERB
à	à	ADP
monsieur	monsieur	NOUN
,	,	PUNCTclause
répondit	répondre	VERB
Conseil	conseil	NOUN
.	.	PUNCTsent
↵↵	↵↵	PUNCTstruct
—	—	PUNCTclause
Mille	Mille	NUM
diables	diable	NOUN
!	!	PUNCTsent
se	se	PRON
écria	écrier	VERB
le	le	DET
Canadien	canadien	NOUN
,	,	PUNCTclause
je	je	PRON
le	le:PRON	PRON
sais	savoir	VERB
bien	bien	ADV
moi	moi	PRON
!	!	PUNCTsent
Le	le	DET
Nautilus	Nautilus	PROPN
a	avoir	AUX
touché	toucher	VERB
,	,	PUNCTclause
et	et	CCONJ
à	à	ADP
en	en	PRON
juger	juger	VERB
par	par	ADP
la	le	DET
gîte	gîte	NOUN
que	que	SCONJ
il	il	PRON
donne	donner	VERB
,	,	PUNCTclause
je	je	PRON
ne	ne	ADV
crois	croire	VERB
pas	pas	ADV
que	que	SCONJ
il	il	PRON
se	se	PRON
en	en	ADP
tire	tirer	VERB
comme	comme	ADP
la première fois	la première fois	ADV
dans	dans	ADP
le	le	DET
détroit	détroit	NOUN
de	de	DET
Torrès	Torrès	PROPN
.	.	PUNCTsent
↵↵	↵↵	PUNCTstruct
—	—	PUNCTclause
Mais	mai	NOUN
au moins	au moins	ADV
,	,	PUNCTclause
demandai	demander	DET
je	je	PRON
,	,	PUNCTclause
est	être	AUX
il	il	PRON
revenu	revenir	VERB
à	à	ADP
la	le	DET
surface	surface	NOUN
de	de	DET
la	le	AUX
mer	mer	NOUN
?	?	PUNCTsent
↵↵	↵↵	PUNCTstruct
—	—	PUNCTclause
Nous	nous	PRON
l'	le:PRON	PRON
ignorons	ignorer	VERB
,	,	PUNCTclause
répondit	répondre	VERB
Conseil	conseil	NOUN
.	.	PUNCTsent
↵↵	↵↵	PUNCTstruct
—	—	PUNCTclause
Il	il	PRON
est	être	AUX
facile	facile	ADJ
de	de	DET
se	se	PRON
en	en	ADP
assurer	assurer	VERB
»	»	PUNCTclause
,	,	PUNCTclause
répondis	répondre	VERB
je	je	PRON
.	.	PUNCTsent
↵↵	↵↵	PUNCTstruct
Je	je	PRON
consultai	consulter	VERB
le	le	DET
manomètre	manomètre	NOUN
.	.	PUNCTsent
À	à	ADP
ma	mon	DET
grande	grand	NOUN
surprise	surprise	NOUN
,	,	PUNCTclause
il	il	PRON
indiquait	indiquer	VERB
une	un	DET
profondeur	profondeur	NOUN
de	de	DET
trois	trois	NUM
cent	cent	NUM
soixante	soixante	NUM
mètres	mètre	NOUN
.	.	PUNCTsent
↵↵	↵↵	PUNCTstruct
«	«	PUNCTclause
qu'est-ce que	qu'est-ce que	ADV
cela	cela	PRON
veut	vouloir	VERB
dire	dire	VERB
?	?	PUNCTsent
me	me	PRON
écriai	écrier	VERB
je	je	PRON
.	.	PUNCTsent
↵↵	↵↵	PUNCTstruct
—	—	PUNCTclause
Il	il	PRON
faut	falloir	VERB
interroger	interroger	VERB
le	le	DET
capitaine	capitaine	NOUN
Nemo	Nemo	PROPN
,	,	PUNCTclause
dit	dire	VERB
Conseil	conseil	NOUN
.	.	PUNCTsent
↵↵	↵↵	PUNCTstruct
—	—	PUNCTclause
Mais	mai	NOUN
où	où	ADV
le	le	DET
trouver	trouver	NOUN
?	?	PUNCTsent
demanda	demander	VERB
Ned	Ned	PROPN
Land	Land	PROPN
.	.	PUNCTsent
↵↵	↵↵	PUNCTstruct
—	—	PUNCTclause
Suivez	suivre	AUX
moi	moi	PRON
»	»	PUNCTclause
,	,	PUNCTclause
dis	dire	VERB
je	je	PRON
à	à	ADP
mes	mon	DET
deux	deux	NUM
compagnons	compagnon	NOUN
.	.	PUNCTsent
↵↵	↵↵	PUNCTstruct
Nous	nous	PRON
quittâmes	quitter	VERB
le	le	DET
salon	salon	NOUN
.	.	PUNCTsent
Dans	dans	ADP
la	le	DET
bibliothèque	bibliothèque	NOUN
,	,	PUNCTclause
personne	personne:PRON	PRON
.	.	PUNCTsent
À	à	ADP
l'	le	DET
escalier	escalier	NOUN
central	central	ADJ
,	,	PUNCTclause
au	au	ADP_DET
poste	poste	NOUN
de	de	DET
l'	le	NOUN
équipage	équipage	NOUN
,	,	PUNCTclause
personne	personne:PRON	PRON
.	.	PUNCTsent
Je	je	PRON
supposai	supposer	VERB
que	que	SCONJ
le	le	DET
capitaine	capitaine	NOUN
Nemo	Nemo	PROPN
devait	devoir	VERB
être	être	AUX
posté	poster	VERB
dans	dans	ADP
la	le	DET
cage	cage	NOUN
du	du	ADP_DET
timonier	timonier	NOUN
.	.	PUNCTsent
Le	le	DET
mieux	mieux	ADV
était	être	AUX
de	de	DET
attendre	attendre	NOUN
.	.	PUNCTsent
Nous	nous	PRON
revînmes	revenir	VERB
tous	tout	ADJ
trois	trois	NUM
au	au	ADP_DET
salon	salon	NOUN
.	.	PUNCTsent
↵↵	↵↵	PUNCTstruct
Je	je	PRON
passerai	passer	VERB
sous	sous	ADP
silence	silence	NOUN
les	le	DET
récriminations	récrimination	NOUN
du	du	ADP_DET
Canadien	canadien	NOUN
.	.	PUNCTsent
Il	il	PRON
avait	avoir	VERB
beau	beau	ADJ
jeu	jeu	NOUN
pour	pour	ADP
se	se	PRON
emporter	emporter	VERB
.	.	PUNCTsent
Je	je	PRON
le	le	DET
laissai	laisser	NOUN
exhaler	exhaler	VERB
sa	son	DET
mauvaise humeur	mauvaise humeur	NOUN
tout	tout	ADJ
à	à	ADP
son	son	DET
aise	aise	NOUN
,	,	PUNCTclause
sans	sans	ADP
lui	lui	PRON
répondre	répondre	VERB
.	.	PUNCTsent
↵↵	↵↵	PUNCTstruct
Nous	nous	PRON
étions	être	AUX
ainsi	ainsi	ADV
depuis	depuis	ADP
vingt	vingt	NUM
minutes	minute	NOUN
,	,	PUNCTclause
cherchant	chercher	ADJ
à	à	ADP
surprendre	surprendre	VERB
les	le	DET
moindres	moindre	NOUN
bruits	bruit	ADJ
qui	qui	PRON
se	se	PRON
produisaient	produire	VERB
à	à	ADP
l'	le	DET
intérieur	intérieur	NOUN
du	du	ADP_DET
Nautilus	Nautilus	PROPN
,	,	PUNCTclause
quand	quand	SCONJ
le	le	DET
capitaine	capitaine	NOUN
Nemo	Nemo	PROPN
entra	entrer	VERB
.	.	PUNCTsent
Il	il	PRON
ne	ne	ADV
sembla	sembler	PRON
pas	pas	ADV
nous	nous	PRON
voir	voir	AUX
.	.	PUNCTsent
Sa	son	DET
physionomie	physionomie	NOUN
,	,	PUNCTclause
habituellement	habituellement	ADV
si	si	SCONJ
impassible	impassible	ADJ
,	,	PUNCTclause
révélait	révéler	VERB
une	un	DET
certaine	certain	ADJ
inquiétude	inquiétude	NOUN
.	.	PUNCTsent
Il	il	PRON
observa	observer	VERB
silencieusement	silencieusement	ADV
la	le	DET
boussole	boussole	NOUN
,	,	PUNCTclause
le	le	DET
manomètre	manomètre	NOUN
,	,	PUNCTclause
et	et	CCONJ
vint	venir	VERB
poser	poser	VERB
son	son	DET
doigt	doigt	NOUN
sur	sur	ADP
un	un	DET
point	point	NOUN
du	du	ADP_DET
planisphère	planisphère	NOUN
,	,	PUNCTclause
dans	dans	ADP
cette	ce	DET
partie	partie	NOUN
qui	qui	PRON
représentait	représenter	VERB
les	le	DET
mers	mer	NOUN
australes	austral	ADJ
.	.	PUNCTsent
↵↵	↵↵	PUNCTstruct
Je	je	PRON
ne	ne	ADV
voulus	vouloir	VERB
pas	pas	ADV
l'	le	DET
interrompre	interrompre	NOUN
.	.	PUNCTsent
Seulement	seulement	ADV
,	,	PUNCTclause
quelques	quelque	DET
instants	instant	NOUN
plus tard	plus tard	ADV
,	,	PUNCTclause
lorsque	lorsque	SCONJ
il	il	PRON
se	se	PRON
tourna	tourner	VERB
vers	vers	ADP
moi	moi	PRON
,	,	PUNCTclause
je	je	PRON
lui	lui	PRON
dis	dire	VERB
en	en	ADP
retournant	retourner	VERB
contre	contre	ADP
lui	lui	PRON
une	un	DET
expression	expression	NOUN
dont	dont	PRON
il	il	PRON
se	se	PRON
était	être	AUX
servi	servir	VERB
au	au	ADP_DET
détroit	détroit	NOUN
de	de	DET
Torrès	Torrès	PROPN
:	:	PUNCTclause
↵↵	↵↵	PUNCTstruct
«	«	PUNCTclause
Un	un	DET
incident	incident	NOUN
,	,	PUNCTclause
capitaine	capitaine	NOUN
?	?	PUNCTsent
↵↵	↵↵	PUNCTstruct
—	—	PUNCTclause
Non	non	INTJ
,	,	PUNCTclause
monsieur	monsieur	NOUN
,	,	PUNCTclause
répondit	répondre	VERB
il	il	PRON
,	,	PUNCTclause
un	un	DET
accident	accident	NOUN
cette fois ci	cette fois ci	PRON
.	.	PUNCTsent
↵↵	↵↵	PUNCTstruct
—	—	PUNCTclause
Grave	grave	ADJ
?	?	PUNCTsent
↵↵	↵↵	PUNCTstruct
—	—	PUNCTclause
Peut-être	peut-être	ADV
.	.	PUNCTsent
↵↵	↵↵	PUNCTstruct
—	—	PUNCTclause
Le	le:PRON	PRON
danger	danger	ADP
est	être	AUX
il	il	PRON
immédiat	immédiat	ADJ
?	?	PUNCTsent
↵↵	↵↵	PUNCTstruct
—	—	PUNCTclause
Non	non	INTJ
.	.	PUNCTsent
↵↵	↵↵	PUNCTstruct
—	—	PUNCTclause
Le	le:PRON	PRON
Nautilus	Nautilus	PROPN
se	se	PRON
est	être	AUX
échoué	échouer	VERB
?	?	PUNCTsent
↵↵	↵↵	PUNCTstruct
—	—	PUNCTclause
Oui	oui	INTJ
.	.	PUNCTsent
↵↵	↵↵	PUNCTstruct
—	—	PUNCTclause
Et	et	CCONJ
cet	ce	DET
échouement	échouement	NOUN
est	être	AUX
venu	venir	VERB
?…	?…	PUNCTsent
↵↵	↵↵	PUNCTstruct
—	—	PUNCTclause
de	de	DET
un	un	PRON
caprice	caprice	VERB
de	de	DET
la	le	AUX
nature	nature	NOUN
,	,	PUNCTclause
non	non	INTJ
de	de	DET
l'	le:PRON	PRON
impéritie	impéritie	VERB
des	un	ADP_DET
hommes	homme	NOUN
.	.	PUNCTsent
Pas	pas	ADV
une	un	DET
faute	faute	NOUN
ne	ne	ADV
a	avoir	AUX
été	être	AUX
commise	commettre	VERB
dans	dans	ADP
nos	nos	DET
manœuvres	manœuvrer	VERB
.	.	PUNCTsent
Toutefois	toutefois	ADV
,	,	PUNCTclause
on	on	PRON
ne	ne	ADV
saurait	savoir	VERB
empêcher	empêcher	VERB
l'	le	DET
équilibre	équilibre	NOUN
de	de	DET
produire	produire	NOUN
ses	son	DET
effets	effet	NOUN
.	.	PUNCTsent
On	on	PRON
peut	pouvoir	VERB
braver	braver	VERB
les	le	DET
lois	loi	NOUN
humaines	humain	ADJ
,	,	PUNCTclause
mais	mais	CCONJ
non	non	INTJ
résister	résister	VERB
aux	au	ADP_DET
lois naturelles	lois naturelles	NOUN
.	.	PUNCTsent
»	»	PUNCTclause
↵↵	↵↵	PUNCTstruct
Singulier	singulier	ADJ
moment	moment	NOUN
que	que	SCONJ
choisissait	choisir	VERB
le	le	DET
capitaine	capitaine	NOUN
Nemo	Nemo	PROPN
pour	pour	ADP
se	se	PRON
livrer	livrer	VERB
à	à	ADP
cette	ce	DET
réflexion	réflexion	NOUN
philosophique	philosophique	ADJ
.	.	PUNCTsent
en somme	en somme	ADV
,	,	PUNCTclause
sa	son	DET
réponse	réponse	NOUN
ne	ne	ADV
me	me	PRON
apprenait	apprendre	VERB
rien	rien	PRON
.	.	PUNCTsent
↵↵	↵↵	PUNCTstruct
«	«	PUNCTclause
Puis	puis	CCONJ
je	je	PRON
savoir	savoir	VERB
,	,	PUNCTclause
monsieur	monsieur	NOUN
,	,	PUNCTclause
lui	lui	PRON
demandai	demander	VERB
je	je	PRON
,	,	PUNCTclause
quelle	quel	PRON
est	être	AUX
la	le	DET
cause	cause	NOUN
de	de	DET
cet	ce	NOUN
accident	accident	VERB
?	?	PUNCTsent
↵↵	↵↵	PUNCTstruct
—	—	PUNCTclause
Un	un	DET
énorme	énorme	ADJ
bloc	bloc	NOUN
de	de	DET
glace	glace	NOUN
,	,	PUNCTclause
une	un	DET
montagne	montagne	NOUN
entière	entier	ADJ
se	se	PRON
est	être	AUX
retournée	retourner	VERB
,	,	PUNCTclause
me	me	PRON
répondit	répondre	VERB
il	il	PRON
.	.	PUNCTsent
Lorsque	lorsque	SCONJ
les	le	DET
icebergs	iceberg	NOUN
sont	être	AUX
minés	miner	VERB
à	à	ADP
leur	leur	DET
base	base	NOUN
par	par	ADP
des	un	DET
eaux	eau	NOUN
plus	plus	ADV
chaudes	chaud	ADJ
ou	ou	CCONJ
par	par	ADP
des	un	DET
chocs	choc	NOUN
réitérés	réitérer	VERB
,	,	PUNCTclause
leur	leur	DET
centre	centre	NOUN
de	de	DET
gravité	gravité	NOUN
remonte	remonter	VERB
.	.	PUNCTsent
Alors	alors	ADV
ils	ils	PRON
se	se	PRON
retournent	retourner	VERB
en	en	ADP
grand	grand	ADJ
,	,	PUNCTclause
ils	ils	PRON
culbutent	culbuter	VERB
.	.	PUNCTsent
ce	ce	PRON
est	être	AUX
ce	ce	PRON
qui	qui	PRON
est	être	AUX
arrivé	arriver	VERB
.	.	PUNCTsent
l'un	l'un	PRON
de	de	DET
ces	ce	NOUN
blocs	bloc	NOUN
,	,	PUNCTclause
en	en	ADP
se	se	PRON
renversant	renverser	VERB
,	,	PUNCTclause
a	avoir	AUX
heurté	heurter	VERB
le	le	DET
Nautilus	Nautilus	PROPN
qui	qui	PRON
flottait	flotter	VERB
sous	sous	ADP
les	le	DET
eaux	eau	NOUN
.	.	PUNCTsent
Puis	puis	CCONJ
,	,	PUNCTclause
glissant	glisser	VERB
sous	sous	ADP
sa	son	DET
coque	coque	NOUN
et	et	CCONJ
le	le	DET
relevant	relever	NOUN
avec	avec	ADP
une	un	DET
irrésistible	irrésistible	ADJ
force	force	NOUN
,	,	PUNCTclause
il	il	PRON
l'	le:PRON	PRON
a	avoir	AUX
ramené	ramener	VERB
dans	dans	ADP
des	un	DET
couches	couche	NOUN
moins	moins	ADV
denses	dense	ADJ
,	,	PUNCTclause
où	où	ADV
il	il	PRON
se	se	PRON
trouve	trouver	VERB
couché	coucher	VERB
sur	sur	ADP
le	le	DET
flanc	flanc	NOUN
.	.	PUNCTsent
↵↵	↵↵	PUNCTstruct
Mais	mais	CCONJ
ne	ne	ADV
peut	pouvoir	VERB
on	on	PRON
dégager	dégager	VERB
le	le	DET
Nautilus	Nautilus	PROPN
en	en	ADP
vidant	vider	NOUN
ses	son	DET
réservoirs	réservoir	NOUN
,	,	PUNCTclause
de manière à	de manière à	ADP
le	le	DET
remettre	remettre	NOUN
en	en	ADP
équilibre	équilibre	NOUN
?	?	PUNCTsent
↵↵	↵↵	PUNCTstruct
—	—	PUNCTclause
ce	ce	PRON
est	être	AUX
ce	ce	PRON
qui	qui	PRON
se	se	PRON
fait	faire	AUX
en	en	ADP
ce	ce	DET
moment	moment	NOUN
,	,	PUNCTclause
monsieur	monsieur	NOUN
.	.	PUNCTsent
Vous	vous	PRON
pouvez	pouvoir	VERB
entendre	entendre	VERB
les	le	DET
pompes	pomper	VERB
fonctionner	fonctionner	VERB
.	.	PUNCTsent
Voyez	voir	VERB
l'	le	DET
aiguille	aiguille	NOUN
du	du	ADP_DET
manomètre	manomètre	NOUN
.	.	PUNCTsent
Elle	elle	PRON
indique	indiquer	VERB
que	que	SCONJ
le	le	DET
Nautilus	Nautilus	PROPN
remonte	remonter	VERB
,	,	PUNCTclause
mais	mais	CCONJ
le	le	DET
bloc	bloc	NOUN
de	de	DET
glace	glace	NOUN
remonte	remonter	VERB
avec	avec	ADP
lui	lui	PRON
,	,	PUNCTclause
et	et	CCONJ
jusqu'à ce que	jusqu'à ce que	SCONJ
un	un	DET
obstacle	obstacle	NOUN
arrête	arrêter	VERB
son	son	DET
mouvement	mouvement	NOUN
ascensionnel	ascensionnel	ADJ
,	,	PUNCTclause
notre	notre	DET
position	position	NOUN
ne	ne	ADV
sera	être	AUX
pas	pas	ADV
changée	changer	VERB
.	.	PUNCTsent
»	»	PUNCTclause
↵↵	↵↵	PUNCTstruct
en effet	en effet	ADV
,	,	PUNCTclause
le	le	DET
Nautilus	Nautilus	PROPN
donnait	donner	VERB
toujours	toujours	ADV
la	le	DET
même	même	ADJ
bande	bande	NOUN
sur	sur	ADP
tribord	tribord	NOUN
.	.	PUNCTsent
sans doute	sans doute	ADV
,	,	PUNCTclause
il	il	PRON
se	se	PRON
redresserait	redresser	VERB
,	,	PUNCTclause
lorsque	lorsque	SCONJ
le	le	DET
bloc	bloc	NOUN
se	se	PRON
arrêterait	arrêter	VERB
lui-même	lui-même	PRON
.	.	PUNCTsent
Mais	mais	CCONJ
à	à	ADP
ce	ce	DET
moment	moment	NOUN
,	,	PUNCTclause
qui	qui	PRON
sait	savoir	VERB
si	si	SCONJ
nous	nous	PRON
ne	ne	ADV
aurions	avoir	VERB
pas	pas	ADV
heurté	heurter	VERB
la	le	DET
partie	partie	NOUN
supérieure	supérieur	ADJ
de	de	DET
la	la	NUM
banquise	banquise	NOUN
,	,	PUNCTclause
si	si	SCONJ
nous	nous	PRON
ne	ne	ADV
serions	être	VERB
pas	pas	ADV
effroyablement	effroyablement	ADV
pressés	presser	VERB
entre	entre	ADP
les	le	DET
deux	deux	NUM
surfaces	surface	NOUN
glacées	glacé	ADJ
?	?	PUNCTsent
↵↵	↵↵	PUNCTstruct
Je	je	PRON
réfléchissais	réfléchir	VERB
à	à	ADP
toutes	tout	ADJ
les	le	DET
conséquences	conséquence	NOUN
de	de	DET
cette	ce	NOUN
situation	situation	NOUN
.	.	PUNCTsent
Le	le	DET
capitaine	capitaine	NOUN
Nemo	Nemo	PROPN
ne	ne	ADV
cessait	cesser	VERB
de	de	DET
observer	observer	NOUN
le	le	DET
manomètre	manomètre	NOUN
.	.	PUNCTsent
Le	le	DET
Nautilus	Nautilus	PROPN
,	,	PUNCTclause
depuis	depuis	ADP
la	le	DET
chute	chute	NOUN
de	de	DET
l'	le	NOUN
iceberg	iceberg	ADJ
,	,	PUNCTclause
avait	avoir	AUX
remonté	remonter	VERB
de	de	DET
cent	cent	NUM
cinquante	cinquante	NUM
pieds	pied	NOUN
environ	environ	ADV
,	,	PUNCTclause
mais	mais	CCONJ
il	il	PRON
faisait	faire	AUX
toujours	toujours	ADV
le	le	DET
même	même	ADJ
angle	angle	NOUN
avec	avec	ADP
la	le	DET
perpendiculaire	perpendiculaire	NOUN
.	.	PUNCTsent
↵↵	↵↵	PUNCTstruct
Soudain	soudain	NOUN
un	un	DET
léger	léger	ADJ
mouvement	mouvement	NOUN
se	se	PRON
fit	faire	AUX
sentir	sentir	VERB
dans	dans	ADP
la	le	DET
coque	coque	NOUN
.	.	PUNCTsent
Évidemment	évidemment	ADV
,	,	PUNCTclause
le	le	DET
Nautilus	Nautilus	PROPN
se	se	PRON
redressait	redresser	VERB
un	un	DET
peu	peu	NOUN
.	.	PUNCTsent
Les	le	DET
objets	objet	NOUN
suspendus	suspendre	VERB
dans	dans	ADP
le	le	DET
salon	salon	NOUN
reprenaient	reprendre	VERB
sensiblement	sensiblement	ADV
leur	leur	DET
position	position	NOUN
normale	normal	ADJ
.	.	PUNCTsent
Les	le	DET
parois	paroi	NOUN
se	se	PRON
rapprochaient	rapprocher	VERB
de	de	DET
la	le	AUX
verticalité	verticalité	NOUN
.	.	PUNCTsent
Personne	personne:PRON	PRON
de	de	DET
nous	nous	PRON
ne	ne	ADV
parlait	parler	VERB
.	.	PUNCTsent
Le	le	DET
cœur	cœur	NOUN
ému	émouvoir	VERB
,	,	PUNCTclause
nous	nous	PRON
observions	observer	VERB
,	,	PUNCTclause
nous	nous	PRON
sentions	sentir	VERB
le	le	DET
redressement	redressement	NOUN
.	.	PUNCTsent
Le	le	DET
plancher	plancher	NOUN
redevenait	redevenir	VERB
horizontal	horizontal	ADJ
sous	sous	ADP
nos	nos	DET
pieds	pied	NOUN
.	.	PUNCTsent
Dix	Dix	NUM
minutes	minute	NOUN
se	se	PRON
écoulèrent	écouler	VERB
.	.	PUNCTsent
↵↵	↵↵	PUNCTstruct
«	«	PUNCTclause
Enfin	enfin	ADV
,	,	PUNCTclause
nous	nous	PRON
sommes	être	AUX
droit	droit	ADJ
!	!	PUNCTsent
me	me	PRON
écria	écrier	VERB
je	je	PRON
.	.	PUNCTsent
↵↵	↵↵	PUNCTstruct
—	—	PUNCTclause
Oui	oui	INTJ
,	,	PUNCTclause
dit	dire	VERB
le	le	DET
capitaine	capitaine	NOUN
Nemo	Nemo	PROPN
,	,	PUNCTclause
se	se	PRON
dirigeant	diriger	VERB
vers	vers	ADP
la	le	DET
porte	porte	NOUN
du	du	ADP_DET
salon	salon	NOUN
.	.	PUNCTsent
↵↵	↵↵	PUNCTstruct
—	—	PUNCTclause
Mais	mai	NOUN
flotterons	flotter	VERB
nous	nous	PRON
?	?	PUNCTsent
lui	lui	PRON
demandai	demander	AUX
je	je	PRON
.	.	PUNCTsent
↵↵	↵↵	PUNCTstruct
—	—	PUNCTclause
Certainement	certainement	ADV
,	,	PUNCTclause
répondit	répondre	VERB
il	il	PRON
,	,	PUNCTclause
puisque	puisque	SCONJ
les	le	DET
réservoirs	réservoir	NOUN
ne	ne	ADV
sont	être	AUX
pas	pas	ADV
encore	encore	ADV
vidés	vider	NOUN
,	,	PUNCTclause
et	et	CCONJ
que	que	SCONJ
vidés	vider	NOUN
,	,	PUNCTclause
le	le	DET
Nautilus	Nautilus	PROPN
devra	devoir	VERB
remonter	remonter	VERB
à	à	ADP
la	le	DET
surface	surface	NOUN
de	de	DET
la	le	AUX
mer	mer	NOUN
.	.	PUNCTsent
»	»	PUNCTclause
↵↵	↵↵	PUNCTstruct
Le	le	DET
capitaine	capitaine	NOUN
sortit	sortir	VERB
,	,	PUNCTclause
et	et	CCONJ
je	je	PRON
vis	voir	VERB
bientôt	bientôt	ADV
que	que	SCONJ
,	,	PUNCTclause
par	par	ADP
ses	son	DET
ordres	ordre	NOUN
,	,	PUNCTclause
on	on	PRON
avait	avoir	AUX
arrêté	arrêter	VERB
la	le	DET
marche	marche	NOUN
ascensionnelle	ascensionnel	ADJ
du	du	ADP_DET
Nautilus	Nautilus	PROPN
.	.	PUNCTsent
en effet	en effet	ADV
,	,	PUNCTclause
il	il	PRON
aurait	avoir	AUX
bientôt	bientôt	ADV
heurté	heurter	VERB
la	le	DET
partie	partie	NOUN
inférieure	inférieur	ADJ
de	de	DET
la	le	AUX
banquise	banquise	NOUN
,	,	PUNCTclause
et	et	CCONJ
mieux	mieux	ADV
valait	valoir	VERB
le	le	DET
maintenir	maintenir	NOUN
entre	entre	ADP
deux	deux	NUM
eaux	eau	NOUN
.	.	PUNCTsent
↵↵	↵↵	PUNCTstruct
«	«	PUNCTclause
Nous	nous	PRON
l'	le:PRON	PRON
avons	avoir	AUX
échappé	échapper	VERB
belle	beau	ADJ
!	!	PUNCTsent
dit	dire	VERB
alors	alors	ADV
Conseil	conseil	NOUN
.	.	PUNCTsent
↵↵	↵↵	PUNCTstruct
—	—	PUNCTclause
Oui	oui	INTJ
.	.	PUNCTsent
Nous	nous	PRON
pouvions	pouvoir	VERB
être	être	AUX
écrasés	écraser	VERB
entre	entre	ADP
ces	ce	DET
blocs	bloc	NOUN
de	de	DET
glace	glace	NOUN
,	,	PUNCTclause
ou	ou	CCONJ
tout	tout	ADJ
au moins	au moins	ADV
emprisonnés	emprisonner	VERB
.	.	PUNCTsent
Et	et	CCONJ
alors	alors	ADV
,	,	PUNCTclause
faute de	faute de	ADP
pouvoir	pouvoir	VERB
renouveler	renouveler	VERB
l'	le	DET
air	air	NOUN
…	…	PUNCTsent
Oui	oui	INTJ
!	!	PUNCTsent
nous	nous	PRON
l'	le:PRON	PRON
avons	avoir	AUX
échappé	échapper	VERB
belle	beau	ADJ
!	!	PUNCTsent
↵↵	↵↵	PUNCTstruct
—	—	PUNCTclause
Si	si	SCONJ
ce	ce	PRON
est	être	AUX
fini	finir	VERB
!	!	PUNCTsent
»	»	PUNCTclause
murmura	murmurer	VERB
Ned	Ned	PROPN
Land	Land	PROPN
.	.	PUNCTsent
↵↵	↵↵	PUNCTstruct
Je	je	PRON
ne	ne	ADV
voulus	vouloir	VERB
pas	pas	ADV
entamer	entamer	VERB
avec	avec	ADP
le	le	DET
Canadien	canadien	NOUN
une	un	DET
discussion	discussion	NOUN
sans	sans	ADP
utilité	utilité	NOUN
,	,	PUNCTclause
et	et	CCONJ
je	je	PRON
ne	ne	ADV
répondis	répondre	VERB
pas	pas	ADV
.	.	PUNCTsent
D'ailleurs	d'ailleurs	ADV
,	,	PUNCTclause
les	le	DET
panneaux	panneau	NOUN
se	se	PRON
ouvrirent	ouvrir	VERB
en	en	ADP
ce	ce	DET
moment	moment	NOUN
,	,	PUNCTclause
et	et	CCONJ
la	le	DET
lumière	lumière	NOUN
extérieure	extérieur	ADJ
fit	faire	AUX
irruption	irruption	NOUN
à travers	à travers	ADP
la	le	DET
vitre	vitre	NOUN
dégagée	dégager	VERB
.	.	PUNCTsent
↵↵	↵↵	PUNCTstruct
Nous	nous	PRON
étions	être	AUX
en plein	en plein	ADV
eau	eau	NOUN
,	,	PUNCTclause
ainsi	ainsi	ADV
que	que	SCONJ
je	je	PRON
l'	le:PRON	PRON
ai	avoir	AUX
dit	dire	VERB
;	;	PUNCTclause
mais	mais	CCONJ
,	,	PUNCTclause
à	à	ADP
une	un	DET
distance	distancer	VERB
de	de	DET
dix	dix	NUM
mètres	mètre	NOUN
,	,	PUNCTclause
sur	sur	ADP
chaque	chaque	DET
côté	côté	NOUN
du	du	ADP_DET
Nautilus	Nautilus	PROPN
,	,	PUNCTclause
se	se	PRON
élevait	élever	VERB
une	un	DET
éblouissante	éblouissant	NOUN
muraille	muraille	NOUN
de	de	DET
glace	glace	NOUN
.	.	PUNCTsent
Au-dessus	au-dessus	ADV
et	et	CCONJ
au-dessous	au-dessous	ADV
,	,	PUNCTclause
même	même	ADV
muraille	muraille	NOUN
.	.	PUNCTsent
Au-dessus	au-dessus	ADV
,	,	PUNCTclause
parce que	parce que	SCONJ
la	le	DET
surface	surface	NOUN
inférieure	inférieur	ADJ
de	de	DET
la	le	AUX
banquise	banquise	NOUN
se	se	PRON
développait	développer	VERB
comme	comme	ADP
un	un	DET
plafond	plafond	NOUN
immense	immense	ADJ
.	.	PUNCTsent
Au-dessous	au-dessous	ADV
,	,	PUNCTclause
parce que	parce que	SCONJ
le	le	DET
bloc	bloc	NOUN
culbuté	culbuter	VERB
,	,	PUNCTclause
ayant	avoir	AUX
glissé	glisser	VERB
peu à peu	peu à peu	ADV
,	,	PUNCTclause
avait	avoir	AUX
trouvé	trouver	VERB
sur	sur	ADP
les	le	DET
murailles	muraille	NOUN
latérales	latéral	ADJ
deux	deux	NUM
points	point	NOUN
de	de	DET
appui	appui	NOUN
qui	qui	PRON
le	le:PRON	PRON
maintenaient	maintenir	VERB
dans	dans	ADP
cette	ce	DET
position	position	NOUN
.	.	PUNCTsent
Le	le	DET
Nautilus	Nautilus	PROPN
était	être	AUX
emprisonné	emprisonner	VERB
dans	dans	ADP
un	un	DET
véritable	véritable	ADJ
tunnel	tunnel	NOUN
de	de	DET
glace	glace	NOUN
,	,	PUNCTclause
de	de	DET
une	un	PRON
largeur	largeur	NOUN
de	de	DET
vingt	vingt	NUM
mètres	mètre	NOUN
environ	environ	ADV
,	,	PUNCTclause
rempli	remplir	VERB
de	de	DET
une	un	PRON
eau	eau	ADP_DET
tranquille	tranquille	NOUN
.	.	PUNCTsent
Il	il	PRON
lui	lui	PRON
était	être	AUX
donc	donc	ADV
facile	facile	ADJ
de	de	DET
en	en	PRON
sortir	sortir	VERB
en	en	ADP
marchant	marcher	VERB
soit	soit	CCONJ
en	en	ADP
avant	avant	NOUN
soit	soit	CCONJ
en arrière	en arrière	ADV
,	,	PUNCTclause
et	et	CCONJ
de	de	DET
reprendre	reprendre	VERB
ensuite	ensuite	ADV
,	,	PUNCTclause
à	à	ADP
quelques	quelque	DET
centaines	centaine	NOUN
de	de	DET
mètres	mètre	NOUN
plus	plus	ADV
bas	bas	ADJ
,	,	PUNCTclause
un	un	DET
libre	libre	ADJ
passage	passage	NOUN
sous	sous	ADP
la	le	DET
banquise	banquise	NOUN
.	.	PUNCTsent
↵↵	↵↵	PUNCTstruct
Le	le	DET
plafond	plafond	NOUN
lumineux	lumineux	ADJ
avait	avoir	AUX
été	être	AUX
éteint	éteindre	VERB
,	,	PUNCTclause
et	et	CCONJ
cependant	cependant	ADV
,	,	PUNCTclause
le	le	DET
salon	salon	NOUN
resplendissait	resplendir	VERB
de	de	DET
une	un	PRON
lumière	lumière	ADJ
intense	intense	NOUN
.	.	PUNCTsent
ce	ce	PRON
est	être	AUX
que	que	SCONJ
la	le	DET
puissante	puissant	ADJ
réverbération	réverbération	NOUN
des	un	ADP_DET
parois	paroi	NOUN
de	de	DET
glace	glace	NOUN
y	y	PRON
renvoyait	renvoyer	VERB
violemment	violemment	ADV
les	le	DET
nappes	nappe	NOUN
du	du	ADP_DET
fanal	fanal	NOUN
.	.	PUNCTsent
Je	je	PRON
ne	ne	ADV
saurais	savoir	VERB
peindre	peindre	VERB
l'	le	DET
effet	effet	NOUN
des	un	ADP_DET
rayons	rayer	VERB
voltaïques	voltaïque	NOUN
sur	sur	ADP
ces	ce	DET
grands	grand	ADJ
blocs	bloc	NOUN
capricieusement	capricieusement	CCONJ
découpés	découper	VERB
,	,	PUNCTclause
dont	dont	PRON
chaque	chaque	DET
angle	angle	NOUN
,	,	PUNCTclause
chaque	chaque	DET
arête	arête	NOUN
,	,	PUNCTclause
chaque	chaque	DET
facette	facette	NOUN
,	,	PUNCTclause
jetait	jeter	VERB
une	un	DET
lueur	lueur	NOUN
différente	différent	ADJ
,	,	PUNCTclause
suivant	suivant	ADP
la	le	DET
nature	nature	NOUN
des	un	ADP_DET
veines	veine	NOUN
qui	qui	PRON
couraient	courir	VERB
dans	dans	ADP
la	le	DET
glace	glace	NOUN
.	.	PUNCTsent
Mine	mine	NOUN
éblouissante	éblouissant	ADJ
de	de	DET
gemmes	gemme	NOUN
,	,	PUNCTclause
et	et	CCONJ
particulièrement	particulièrement	ADV
de	de	DET
saphirs	saphir	NOUN
qui	qui	PRON
croisaient	croiser	VERB
leurs	leur	DET
jets	jet	NOUN
bleus	bleu	ADJ
avec	avec	ADP
le	le	DET
jet	jet	NOUN
vert	vert	ADJ
des	un	ADP_DET
émeraudes	émeraude	NOUN
.	.	PUNCTsent
Çà	çà	VERB
et	et	CCONJ
là	là	ADV
des	un	ADP_DET
nuances	nuance	NOUN
opalines	opalin	ADJ
de	de	DET
une	une	NUM
douceur	douceur	NOUN
infinie	infini	ADJ
couraient	courir	VERB
au milieu de	au milieu de	ADP
points	point	NOUN
ardents	ardent	ADJ
comme	comme	ADP
autant	autant	ADV
de	de	DET
diamants	diamant	NOUN
de	de	DET
feu	feu	NOUN
dont	dont	PRON
l'	le	DET
œil	œil	NOUN
ne	ne	ADV
pouvait	pouvoir	VERB
soutenir	soutenir	VERB
l'	le	DET
éclat	éclat	NOUN
.	.	PUNCTsent
La	le	DET
puissance	puissance	NOUN
du	du	ADP_DET
fanal	fanal	NOUN
était	être	AUX
centuplée	centupler	VERB
,	,	PUNCTclause
comme	comme	ADP
celle	celle	PRON
de	de	DET
une	un	PRON
lampe	lampe	NOUN
à travers	à travers	ADP
les	le	DET
lames	lame	NOUN
lenticulaires	lenticulaire	ADJ
de	de	DET
un	un	NUM
phare	phare	NOUN
de	de	DET
premier	premier	ADJ
ordre	ordre	NOUN
.	.	PUNCTsent
↵↵	↵↵	PUNCTstruct
«	«	PUNCTclause
Que	que	SCONJ
ce	ce	PRON
est	être	AUX
beau	beau	ADJ
!	!	PUNCTsent
Que	que	SCONJ
ce	ce	PRON
est	être	AUX
beau	beau	ADJ
!	!	PUNCTsent
se	se	PRON
écria	écrier	VERB
Conseil	conseil	NOUN
.	.	PUNCTsent
↵↵	↵↵	PUNCTstruct
—	—	PUNCTclause
Oui	oui	INTJ
!	!	PUNCTsent
dis	dire	VERB
je	je	PRON
,	,	PUNCTclause
ce	ce	PRON
est	être	AUX
un	un	DET
admirable	admirable	ADJ
spectacle	spectacle	NOUN
.	.	PUNCTsent
n'est-ce pas	n'est-ce pas	ADV
,	,	PUNCTclause
Ned	Ned	PROPN
?	?	PUNCTsent
↵↵	↵↵	PUNCTstruct
—	—	PUNCTclause
hé	hé	NOUN
!	!	PUNCTsent
mille	mille	NUM
diables	diable	NOUN
!	!	PUNCTsent
oui	oui	INTJ
,	,	PUNCTclause
riposta	riposter	X
Ned	Ned	PROPN
Land	land	X
.	.	PUNCTsent
ce	ce	PRON
est	être	AUX
superbe	superbe	ADJ
!	!	PUNCTsent
Je	je	PRON
rage	rager	VERB
de	de	DET
être	être	AUX
forcé	forcer	VERB
de	de	DET
en	en	NOUN
convenir	convenir	VERB
.	.	PUNCTsent
On	on	PRON
ne	ne	ADV
a	avoir	AUX
jamais	jamais	ADV
rien	rien	PRON
vu	voir	AUX
de	de	DET
pareil	pareil	NOUN
.	.	PUNCTsent
Mais	mais	CCONJ
ce	ce	DET
spectacle	spectacle	NOUN
pourra	pouvoir	VERB
nous	nous	PRON
coûter	coûter	VERB
cher	cher	ADV
.	.	PUNCTsent
Et	et	CCONJ
,	,	PUNCTclause
si	si	SCONJ
il	il	PRON
faut	falloir	VERB
tout	tout	ADJ
dire	dire	VERB
,	,	PUNCTclause
je	je	PRON
pense	penser	VERB
que	que	SCONJ
nous	nous	PRON
voyons	voir	VERB
ici	ici	ADV
des	un	DET
choses	choser	VERB
que	que	SCONJ
Dieu	Dieu	PROPN
a	avoir	AUX
voulu	vouloir	VERB
interdire	interdire	VERB
aux	au	ADP_DET
regards	regard	NOUN
de	de	DET
l'	le	NOUN
homme	homme	NOUN
!	!	PUNCTsent
»	»	PUNCTclause
↵↵	↵↵	PUNCTstruct
Ned	Ned	PROPN
avait	avoir	AUX
raison	raison	NOUN
.	.	PUNCTsent
ce	ce	PRON
était	être	AUX
trop	trop	ADV
beau	beau	ADJ
.	.	PUNCTsent
Tout	tout	ADJ
à	à	ADP
coup	coup	NOUN
,	,	PUNCTclause
un	un	DET
cri	cri	NOUN
de	de	DET
Conseil	conseil	NOUN
me	me	PRON
fit	faire	AUX
retourner	retourner	VERB
.	.	PUNCTsent
↵↵	↵↵	PUNCTstruct
«	«	PUNCTclause
que	que	SCONJ
y	y	PRON
a	avoir	VERB
il	il	PRON
?	?	PUNCTsent
demandai	demander	DET
je	je	PRON
.	.	PUNCTsent
↵↵	↵↵	PUNCTstruct
—	—	PUNCTclause
Que	que	SCONJ
monsieur	monsieur	NOUN
ferme	ferme	ADV
les	le	DET
yeux	œil	NOUN
!	!	PUNCTsent
que	que	SCONJ
monsieur	monsieur	NOUN
ne	ne	ADV
regarde	regarder	VERB
pas	pas	ADV
!	!	PUNCTsent
»	»	PUNCTclause
↵↵	↵↵	PUNCTstruct
Conseil	conseil	NOUN
,	,	PUNCTclause
ce	ce	PRON
disant	dire	VERB
,	,	PUNCTclause
appliquait	appliquer	VERB
vivement	vivement	ADV
ses	son	DET
mains	main	NOUN
sur	sur	ADP
ses	son	DET
paupières	paupière	NOUN
.	.	PUNCTsent
↵↵	↵↵	PUNCTstruct
«	«	PUNCTclause
Mais	mais	CCONJ
que	que	SCONJ
as	as	NOUN
tu	tu	ADJ
,	,	PUNCTclause
mon	mon	DET
garçon	garçon	NOUN
?	?	PUNCTsent
↵↵	↵↵	PUNCTstruct
—	—	PUNCTclause
Je	je	PRON
suis	être	AUX
ébloui	éblouir	VERB
,	,	PUNCTclause
aveuglé	aveuglé	NOUN
!	!	PUNCTsent
»	»	PUNCTclause
↵↵	↵↵	PUNCTstruct
Mes	mon	DET
regards	regard	NOUN
se	se	PRON
portèrent	porter	VERB
involontairement	involontairement	ADV
vers	vers	ADP
la	le	DET
vitre	vitre	NOUN
,	,	PUNCTclause
mais	mais	CCONJ
je	je	PRON
ne	ne	ADV
pus	pouvoir	VERB
supporter	supporter	VERB
le	le	DET
feu	feu	NOUN
qui	qui	PRON
la	le	AUX
dévorait	dévorer	VERB
.	.	PUNCTsent
↵↵	↵↵	PUNCTstruct
Je	je	PRON
compris	comprendre	VERB
ce	ce	PRON
qui	qui	PRON
se	se	PRON
était	être	AUX
passé	passé	ADP
.	.	PUNCTsent
Le	le	DET
Nautilus	Nautilus	PROPN
venait	venir	VERB
de	de	DET
se	se	PRON
mettre	mettre	VERB
en	en	ADP
marche	marche	NOUN
à	à	ADP
grande	grand	ADJ
vitesse	vitesse	NOUN
.	.	PUNCTsent
Tous	tout	ADJ
les	le	DET
éclats	éclat	NOUN
tranquilles	tranquille	ADJ
des	un	ADP_DET
murailles	muraille	NOUN
de	de	DET
glace	glace	NOUN
se	se	PRON
étaient	être	AUX
alors	alors	ADV
changés	changer	VERB
en	en	ADP
raies	rayer	VERB
fulgurantes	fulgurant	ADJ
.	.	PUNCTsent
Les	le	DET
feux	feu	NOUN
de	de	DET
ces	ce	NOUN
myriades	myriade	NOUN
de	de	DET
diamants	diamant	NOUN
se	se	PRON
confondaient	confondre	VERB
.	.	PUNCTsent
Le	le	DET
Nautilus	Nautilus	PROPN
,	,	PUNCTclause
emporté	emporter	VERB
par	par	ADP
son	son	DET
hélice	hélice	NOUN
,	,	PUNCTclause
voyageait	voyager	VERB
dans	dans	ADP
un	un	DET
fourreau	fourreau	NOUN
de	de	DET
éclairs	éclair	NOUN
.	.	PUNCTsent
↵↵	↵↵	PUNCTstruct
Les	le	DET
panneaux	panneau	NOUN
du	du	ADP_DET
salon	salon	NOUN
se	se	PRON
refermèrent	refermer	VERB
alors	alors	ADV
.	.	PUNCTsent
Nous	nous	PRON
tenions	tenir	VERB
nos	nos	DET
mains	main	NOUN
sur	sur	ADP
nos	nos	DET
yeux	œil	NOUN
tout	tout	ADJ
imprégnés	imprégner	VERB
de	de	DET
ces	ce	NOUN
lueurs	lueur	ADJ
concentriques	concentrique	ADJ
qui	qui	PRON
flottent	flotter	VERB
devant	devant	ADP
la	le	DET
rétine	rétine	NOUN
,	,	PUNCTclause
lorsque	lorsque	SCONJ
les	le	DET
rayons	rayer	VERB
solaires	solaire	NOUN
l'	le	DET
ont	avoir	AUX
trop	trop	ADV
violemment	violemment	ADV
frappée	frapper	VERB
.	.	PUNCTsent
Il	il	PRON
fallut	falloir	VERB
un	un	DET
certain	certain	ADJ
temps	temps	NOUN
pour	pour	ADP
calmer	calmer	VERB
le	le	DET
trouble	trouble	NOUN
de	de	DET
nos	nos	ADJ
regards	regard	NOUN
.	.	PUNCTsent
↵↵	↵↵	PUNCTstruct
Enfin	enfin	ADV
,	,	PUNCTclause
nos	nos	DET
mains	main	NOUN
se	se	PRON
abaissèrent	abaisser	VERB
.	.	PUNCTsent
↵↵	↵↵	PUNCTstruct
«	«	PUNCTclause
Ma	mon	DET
foi	foi	NOUN
,	,	PUNCTclause
je	je	PRON
ne	ne	ADV
l'	le:PRON	PRON
aurais	avoir	AUX
jamais	jamais	ADV
cru	croire	VERB
,	,	PUNCTclause
dit	dire	VERB
Conseil	conseil	NOUN
.	.	PUNCTsent
↵↵	↵↵	PUNCTstruct
—	—	PUNCTclause
Et	et	CCONJ
moi	moi	PRON
,	,	PUNCTclause
je	je	PRON
ne	ne	ADV
le	le:PRON	PRON
crois	croire	VERB
pas	pas	ADV
encore	encore	ADV
!	!	PUNCTsent
riposta	riposter	VERB
le	le	DET
Canadien	canadien	NOUN
.	.	PUNCTsent
↵↵	↵↵	PUNCTstruct
—	—	PUNCTclause
Quand	quand	SCONJ
nous	nous	PRON
reviendrons	revenir	VERB
sur	sur	ADP
terre	terre	NOUN
,	,	PUNCTclause
ajouta	ajouter	VERB
Conseil	conseil	NOUN
,	,	PUNCTclause
blasés	blaser	VERB
sur	sur	ADP
tant de	tant de	DET
merveilles	merveille	NOUN
de	de	DET
la	la	NUM
nature	nature	NOUN
,	,	PUNCTclause
que	que	SCONJ
penserons	penser	VERB
nous	nous	PRON
de	de	DET
ces	ces	PUNCT
misérables	misérable	NOUN
continents	continent	ADJ
et	et	CCONJ
des	un	DET
petits	petit	ADJ
ouvrages	ouvrage	NOUN
sortis	sortir	VERB
de	de	DET
la	le	AUX
main	main	NOUN
des	un	ADP_DET
hommes	homme	NOUN
!	!	PUNCTsent
Non	non	INTJ
!	!	PUNCTsent
le	le	DET
monde	monde	NOUN
habité	habiter	NOUN
ne	ne	ADV
est	être	AUX
plus	plus	ADV
digne	digne	ADJ
de	de	DET
nous	nous	PRON
!	!	PUNCTsent
»	»	PUNCTclause
↵↵	↵↵	PUNCTstruct
De	de	DET
telles	tel	ADJ
paroles	parole	NOUN
dans	dans	ADP
la	le	DET
bouche	bouche	NOUN
de	de	DET
un	un	PRON
impassible	impassible	ADJ
Flamand	Flamand	PROPN
montrent	montrer	VERB
à	à	ADP
quel	quel	DET
degré	degré	NOUN
de	de	DET
ébullition	ébullition	NOUN
était	être	AUX
monté	monter	VERB
notre	notre	DET
enthousiasme	enthousiasme	NOUN
.	.	PUNCTsent
Mais	mais	CCONJ
le	le	DET
Canadien	canadien	NOUN
ne	ne	ADV
manqua	manquer	VERB
pas	pas	ADV
de	de	DET
y	y	PRON
jeter	jeter	VERB
sa	son	DET
goutte	goutte	NOUN
de	de	DET
eau	eau	NOUN
froide	froid	ADJ
.	.	PUNCTsent
↵↵	↵↵	PUNCTstruct
«	«	PUNCTclause
Le	le	DET
monde	monde	NOUN
habité	habiter	VERB
!	!	PUNCTsent
dit	dire	VERB
il	il	PRON
en	en	PRON
secouant	secouer	VERB
la	le	DET
tête	tête	NOUN
.	.	PUNCTsent
Soyez	être	AUX
tranquille	tranquille	NOUN
,	,	PUNCTclause
ami	ami	NOUN
Conseil	Conseil	PROPN
,	,	PUNCTclause
nous	nous	PRON
ne	ne	ADV
y	y	PRON
reviendrons	revenir	VERB
pas	pas	ADV
!	!	PUNCTsent
»	»	PUNCTclause
↵↵	↵↵	PUNCTstruct
Il	il	PRON
était	être	AUX
alors	alors	ADV
cinq	cinq	NUM
heures	heure	NOUN
du	du	ADP_DET
matin	matin	NOUN
.	.	PUNCTsent
En	en	ADP
ce	ce	DET
moment	moment	NOUN
,	,	PUNCTclause
un	un	DET
choc	choc	NOUN
se	se	PRON
produisit	produire	VERB
à	à	ADP
l'	le	DET
avant	avant	NOUN
du	du	ADP_DET
Nautilus	Nautilus	PROPN
.	.	PUNCTsent
Je	je	PRON
compris	comprendre	VERB
que	que	SCONJ
son	son	DET
éperon	éperon	NOUN
venait	venir	VERB
de	de	DET
heurter	heurter	NOUN
un	un	DET
bloc	bloc	NOUN
de	de	DET
glace	glace	NOUN
.	.	PUNCTsent
Ce	ce	PRON
devait	devoir	VERB
être	être	AUX
une	un	DET
fausse	faux	ADJ
manœuvre	manœuvre	NOUN
,	,	PUNCTclause
car	car	CCONJ
ce	ce	DET
tunnel	tunnel	NOUN
sous-marin	sous-marin	ADJ
,	,	PUNCTclause
obstrué	obstruer	VERB
de	de	DET
blocs	bloc	NOUN
,	,	PUNCTclause
ne	ne	ADV
offrait	offrir	VERB
pas	pas	ADV
une	un	DET
navigation	navigation	NOUN
facile	facile	ADJ
.	.	PUNCTsent
Je	je	PRON
pensai	penser	VERB
donc	donc	ADV
que	que	SCONJ
le	le	DET
capitaine	capitaine	NOUN
Nemo	Nemo	PROPN
,	,	PUNCTclause
modifiant	modifier	VERB
sa	son	DET
route	route	NOUN
,	,	PUNCTclause
tournerait	tourner	VERB
ces	ce	DET
obstacles	obstacle	NOUN
ou	ou	CCONJ
suivrait	suivre	VERB
les	le	DET
sinuosités	sinuosité	NOUN
du	du	ADP_DET
tunnel	tunnel	NOUN
.	.	PUNCTsent
En	en	ADP
tout	tout	ADJ
cas	cas	NOUN
,	,	PUNCTclause
la	le	DET
marche	marche	NOUN
en	en	ADP
avant	avant	NOUN
ne	ne	ADV
pouvait	pouvoir	VERB
être	être	AUX
absolument	absolument	ADV
enrayée	enrayer	VERB
.	.	PUNCTsent
Toutefois	toutefois	ADV
,	,	PUNCTclause
contre	contre	ADP
mon	mon	DET
attente	attente	NOUN
,	,	PUNCTclause
le	le	DET
Nautilus	Nautilus	PROPN
prit	prendre	VERB
un	un	DET
mouvement	mouvement	NOUN
rétrograde	rétrograde	ADJ
très-prononcé	très-prononcé	PUNCT
.	.	PUNCTsent
↵↵	↵↵	PUNCTstruct
«	«	PUNCTclause
Nous	nous	PRON
revenons	revenir	VERB
en arrière	en arrière	ADV
?	?	PUNCTsent
dit	dire	VERB
Conseil	conseil	NOUN
.	.	PUNCTsent
↵↵	↵↵	PUNCTstruct
—	—	PUNCTclause
Oui	oui	INTJ
,	,	PUNCTclause
répondis	répondre	PRON
je	je	PRON
.	.	PUNCTsent
Il	il	PRON
faut	falloir	VERB
que	que	SCONJ
,	,	PUNCTclause
de	de	DET
ce	ce	PRON
côté	côté	NOUN
,	,	PUNCTclause
le	le	DET
tunnel	tunnel	NOUN
soit	soit	CCONJ
sans	sans	ADP
issue	issue	NOUN
.	.	PUNCTsent
↵↵	↵↵	PUNCTstruct
—	—	PUNCTclause
Et	et	CCONJ
alors	alors	ADV
?…	?…	PUNCTsent
↵↵	↵↵	PUNCTstruct
—	—	PUNCTclause
Alors	alors	ADV
,	,	PUNCTclause
dis	dire	VERB
je	je	PRON
,	,	PUNCTclause
la	le	DET
manœuvre	manœuvre	NOUN
est	être	AUX
bien	bien	ADV
simple	simple	ADJ
.	.	PUNCTsent
Nous	nous	PRON
retournerons	retourner	VERB
sur	sur	ADP
nos	nos	DET
pas	pas	NOUN
,	,	PUNCTclause
et	et	CCONJ
nous	nous	PRON
sortirons	sortir	VERB
par	par	ADP
l'	le	DET
orifice	orifice	NOUN
sud	sud	NOUN
.	.	PUNCTsent
Voilà	voilà	VERB
tout	tout	ADJ
.	.	PUNCTsent
»	»	PUNCTclause
↵↵	↵↵	PUNCTstruct
En	en	ADP
parlant	parler	VERB
ainsi	ainsi	ADV
,	,	PUNCTclause
je	je	PRON
voulais	vouloir	VERB
paraître	paraître	VERB
plus	plus	ADV
rassuré	rassurer	VERB
que	que	SCONJ
je	je	PRON
ne	ne	ADV
l'	le:PRON	PRON
étais	être	AUX
réellement	réellement	ADV
.	.	PUNCTsent
Cependant	cependant	ADV
le	le	DET
mouvement	mouvement	NOUN
rétrograde	rétrograde	NOUN
du	du	ADP_DET
Nautilus	Nautilus	PROPN
se	se	PRON
accélérait	accélérer	VERB
,	,	PUNCTclause
et	et	CCONJ
marchant	marcher	VERB
à	à	ADP
contre	contre	NOUN
hélice	hélice	ADJ
,	,	PUNCTclause
il	il	PRON
nous	nous	PRON
entraînait	entraîner	VERB
avec	avec	ADP
une	un	DET
grande	grand	ADJ
rapidité	rapidité	NOUN
.	.	PUNCTsent
↵↵	↵↵	PUNCTstruct
«	«	PUNCTclause
Ce	ce	PRON
sera	être	AUX
un	un	DET
retard	retard	NOUN
,	,	PUNCTclause
dit	dire	VERB
Ned	Ned	PROPN
.	.	PUNCTsent
↵↵	↵↵	PUNCTstruct
—	—	PUNCTclause
que	que	ADV
importe	importer	VERB
,	,	PUNCTclause
quelques	quelque	DET
heures	heure	NOUN
de plus	de plus	ADV
ou	ou	CCONJ
de	de	DET
moins	moins	ADV
,	,	PUNCTclause
pourvu	pourvoir	VERB
que	que	SCONJ
on	on	PRON
sorte	sortir	VERB
.	.	PUNCTsent
↵↵	↵↵	PUNCTstruct
—	—	PUNCTclause
Oui	oui	INTJ
,	,	PUNCTclause
répéta	répéter	VERB
Ned	Ned	PROPN
Land	Land	PROPN
,	,	PUNCTclause
pourvu	pourvoir	VERB
que	que	SCONJ
on	on	PRON
sorte	sortir	VERB
!	!	PUNCTsent
»	»	PUNCTclause
↵↵	↵↵	PUNCTstruct
Je	je	PRON
me	me	PRON
promenai	promener	VERB
pendant	pendant	ADP
quelques	quelque	DET
instants	instant	NOUN
du	du	ADP_DET
salon	salon	NOUN
à	à	ADP
la	le	DET
bibliothèque	bibliothèque	NOUN
.	.	PUNCTsent
Mes	mon	DET
compagnons	compagnon	NOUN
assis	asseoir	ADV
,	,	PUNCTclause
se	se	PRON
taisaient	taire	VERB
.	.	PUNCTsent
Je	je	PRON
me	me	PRON
jetai	jeter	VERB
bientôt	bientôt	ADV
sur	sur	ADP
un	un	DET
divan	divan	NOUN
,	,	PUNCTclause
et	et	CCONJ
je	je	PRON
pris	prendre	VERB
un	un	DET
livre	livre	NOUN
que	que	SCONJ
mes	mon	DET
yeux	œil	NOUN
parcoururent	parcourir	ADV
machinalement	machinalement	ADV
.	.	PUNCTsent
↵↵	↵↵	PUNCTstruct
Un	un	DET
quart d'heure	quart d'heure	NOUN
après	après	ADP
,	,	PUNCTclause
Conseil	conseil	NOUN
,	,	PUNCTclause
se	se	PRON
étant	être	AUX
approché	approcher	VERB
de	de	DET
moi	moi	PRON
,	,	PUNCTclause
me	me	PRON
dit	dire	VERB
:	:	PUNCTclause
↵↵	↵↵	PUNCTstruct
«	«	PUNCTclause
Est	être	AUX
ce	ce	DET
bien	bien	NOUN
intéressant	intéressant	ADJ
ce	ce	PRON
que	que	SCONJ
lit	lire	VERB
monsieur	monsieur	NOUN
?	?	PUNCTsent
↵↵	↵↵	PUNCTstruct
—	—	PUNCTclause
Très-intéressant	Très-intéressant	PROPN
,	,	PUNCTclause
répondis	répondre	DET
je	je	PRON
.	.	PUNCTsent
↵↵	↵↵	PUNCTstruct
—	—	PUNCTclause
Je	je	PRON
le	le:PRON	PRON
crois	croire	VERB
.	.	PUNCTsent
ce	ce	PRON
est	être	AUX
le	le	DET
livre	livre	NOUN
de	de	DET
monsieur	monsieur	NOUN
que	que	SCONJ
lit	lire	VERB
monsieur	monsieur	NOUN
!	!	PUNCTsent
↵↵	↵↵	PUNCTstruct
—	—	PUNCTclause
Mon	mon	DET
livre	livre	NOUN
?	?	PUNCTsent
»	»	PUNCTclause
↵↵	↵↵	PUNCTstruct
en effet	en effet	ADV
,	,	PUNCTclause
je	je	PRON
tenais	tenir	VERB
à	à	ADP
la	le	DET
main	main	NOUN
l'	le	DET
ouvrage	ouvrage	NOUN
des	un	ADP_DET
Grands	grand	ADJ
Fonds	fond	NOUN
sous-marins	sous-marin	ADJ
.	.	PUNCTsent
Je	je	PRON
ne	ne	ADV
me	me	PRON
en	en	PRON
doutais	douter	VERB
même	même	ADV
pas	pas	ADV
.	.	PUNCTsent
Je	je	PRON
fermai	fermer	VERB
le	le	DET
livre	livre	NOUN
et	et	CCONJ
repris	reprendre	VERB
ma	mon	DET
promenade	promenade	NOUN
.	.	PUNCTsent
Ned	Ned	PROPN
et	et	CCONJ
Conseil	conseil	NOUN
se	se	PRON
levèrent	lever	VERB
pour	pour	ADP
se	se	PRON
retirer	retirer	VERB
.	.	PUNCTsent
↵↵	↵↵	PUNCTstruct
«	«	PUNCTclause
Restez	rester	VERB
,	,	PUNCTclause
mes	mon	DET
amis	ami	NOUN
,	,	PUNCTclause
dis	dire	NOUN
je	je	PRON
en	en	ADP
les	le	DET
retenant	retenir	NOUN
.	.	PUNCTsent
Restons	rester	VERB
ensemble	ensemble	ADV
jusque	jusque	ADP
au moment où	au moment où	ADP
nous	nous	PRON
serons	être	AUX
sortis	sortir	VERB
de	de	DET
cette	ce	NOUN
impasse	impasse	ADJ
.	.	PUNCTsent
↵↵	↵↵	PUNCTstruct
—	—	PUNCTclause
Comme	comme	ADP
il	il	PRON
plaira	plaire	VERB
à	à	ADP
monsieur	monsieur	NOUN
»	»	PUNCTclause
,	,	PUNCTclause
répondit	répondre	VERB
Conseil	conseil	NOUN
.	.	PUNCTsent
↵↵	↵↵	PUNCTstruct
Quelques	quelque	DET
heures	heure	NOUN
se	se	PRON
écoulèrent	écouler	VERB
.	.	PUNCTsent
je	je	PRON
observais	observer	VERB
souvent	souvent	ADV
les	le	DET
instruments	instrument	NOUN
suspendus	suspendre	VERB
à	à	ADP
la	le	DET
paroi	paroi	NOUN
du	du	ADP_DET
salon	salon	NOUN
.	.	PUNCTsent
Le	le	DET
manomètre	manomètre	NOUN
indiquait	indiquer	VERB
que	que	SCONJ
le	le	DET
Nautilus	Nautilus	PROPN
se	se	PRON
maintenait	maintenir	VERB
à	à	ADP
une	un	DET
profondeur	profondeur	NOUN
constante	constant	ADJ
de	de	DET
trois	trois	NUM
cents	cent	NOUN
mètres	mètre	ADJ
,	,	PUNCTclause
la	le	DET
boussole	boussole	NOUN
,	,	PUNCTclause
que	que	SCONJ
il	il	PRON
se	se	PRON
dirigeait	diriger	VERB
toujours	toujours	ADV
au	au	ADP_DET
sud	sud	NOUN
,	,	PUNCTclause
le	le	DET
loch	loch	NOUN
,	,	PUNCTclause
que	que	SCONJ
il	il	PRON
marchait	marcher	VERB
à	à	ADP
une	un	DET
vitesse	vitesse	NOUN
de	de	DET
vingt	vingt	NUM
milles	mille	NOUN
à	à	ADP
l'	le	DET
heure	heure	NOUN
,	,	PUNCTclause
vitesse	vitesse	NOUN
excessive	excessif	ADJ
dans	dans	ADP
un	un	DET
espace	espace	NOUN
aussi	aussi	ADV
resserré	resserré	ADJ
.	.	PUNCTsent
Mais	mais	CCONJ
le	le	DET
capitaine	capitaine	NOUN
Nemo	Nemo	PROPN
savait	savoir	VERB
que	que	SCONJ
il	il	PRON
ne	ne	ADV
pouvait	pouvoir	VERB
trop	trop	ADV
se	se	PRON
hâter	hâter	VERB
,	,	PUNCTclause
et	et	CCONJ
que	que	SCONJ
alors	alors	ADV
,	,	PUNCTclause
les	le	DET
minutes	minute	NOUN
valaient	valoir	VERB
des	un	ADP_DET
siècles	siècle	NOUN
.	.	PUNCTsent
↵↵	↵↵	PUNCTstruct
À	à	ADP
huit	huit	NUM
heures	heure	NOUN
vingt-cinq	vingt-cinq	NUM
,	,	PUNCTclause
un	un	DET
second	second	ADJ
choc	choc	NOUN
eut	avoir	VERB
lieu	lieu	NOUN
.	.	PUNCTsent
À	à	ADP
l'	le	DET
arrière	arrière	NOUN
,	,	PUNCTclause
cette fois ci	cette fois ci	PRON
.	.	PUNCTsent
Je	je	PRON
pâlis	pâlir	VERB
.	.	PUNCTsent
Mes	mon	DET
compagnons	compagnon	NOUN
se	se	PRON
étaient	être	AUX
rapprochés	rapprocher	VERB
de	de	DET
moi	moi	PRON
.	.	PUNCTsent
je	je	PRON
avais	avoir	AUX
saisi	saisir	VERB
la	le	DET
main	main	NOUN
de	de	DET
Conseil	conseil	NOUN
.	.	PUNCTsent
Nous	nous	PRON
nous	nous	PRON
interrogions	interroger	VERB
du	du	ADP_DET
regard	regard	NOUN
,	,	PUNCTclause
et	et	CCONJ
plus	plus	ADV
directement	directement	ADV
que	que	SCONJ
si	si	SCONJ
les	le	DET
mots	mot	NOUN
eussent	avoir	ADV
interprété	interpréter	VERB
notre	notre	DET
pensée	pensée	NOUN
.	.	PUNCTsent
↵↵	↵↵	PUNCTstruct
En	en	ADP
ce	ce	DET
moment	moment	NOUN
,	,	PUNCTclause
le	le	DET
capitaine	capitaine	NOUN
entra	entrer	VERB
dans	dans	ADP
le	le	DET
salon	salon	NOUN
.	.	PUNCTsent
je	je	PRON
allai	aller	VERB
à	à	ADP
lui	lui	PRON
.	.	PUNCTsent
↵↵	↵↵	PUNCTstruct
«	«	PUNCTclause
La	le	DET
route	route	NOUN
est	être	AUX
barrée	barrer	VERB
au	au	ADP_DET
sud	sud	NOUN
?	?	PUNCTsent
lui	lui	PRON
demandai	demander	AUX
je	je	PRON
.	.	PUNCTsent
↵↵	↵↵	PUNCTstruct
—	—	PUNCTclause
Oui	oui	INTJ
,	,	PUNCTclause
monsieur	monsieur	NOUN
.	.	PUNCTsent
l'	le	DET
iceberg	iceberg	NOUN
en	en	ADP
se	se	PRON
retournant	retourner	VERB
a	avoir	AUX
fermé	fermer	VERB
toute	tout	ADJ
issue	issu	ADJ
.	.	PUNCTsent
↵↵	↵↵	PUNCTstruct
—	—	PUNCTclause
Nous	nous	PRON
sommes	être	AUX
bloqués	bloquer	VERB
?	?	PUNCTsent
↵↵	↵↵	PUNCTstruct
—	—	PUNCTclause
Oui	oui	INTJ
.	.	PUNCTsent
»	»	PUNCTclause
